3,2
3,1
3,3
10,122
10,172
10,174
10,20
10,194
10,180
10,150
10,200
10,2
10,3
11,17
11,20
11,23
11,21
11,9
11,2
11,3
9,4
9,6
9,2
9,3
8,16
8,6
8,9
8,12
8,2
8,3
12,2
12,1
12,3
20,2
20,1
20,3
19,2
19,1
19,3
18,1
18,3
26,3
26,2
26,1
26,0
25,7
25,6
25,5
25,4
25,3
25,2
25,1
25,0
24,4
24,3
24,2
24,1
24,0
23,5
23,4
23,3
23,2
23,1
23,0
14,1
14,3
13,1
13,3
11,28
11,27
11,1
11,26
10,303
10,302
10,301
10,300
10,299
10,298
10,297
10,296
10,295
10,294
10,293
10,292
10,291
10,290
10,289
10,288
10,287
10,286
10,285
10,284
10,283
10,282
10,281
10,280
10,279
10,278
10,277
